{"ROS/Ferroptosis":{"genes":["TXNRD1","MAFG","G6PD","SQSTM1","SLC7A11","GSR","NCF2","MSRA","HMOX1","GLRX2","BACH1"],"matrix":[[1.0,0.656,0.374,0.641,0.552,0.508,0.258,-0.056,0.2,0.135,0.326],[0.656,1.0,0.506,0.495,0.552,0.305,0.327,-0.267,0.242,0.015,0.196],[0.374,0.506,1.0,0.316,0.49,0.285,0.444,-0.308,0.329,-0.043,0.049],[0.641,0.495,0.316,1.0,0.416,0.192,0.228,0.051,0.187,0.38,0.022],[0.552,0.552,0.49,0.416,1.0,0.294,0.304,-0.199,0.18,0.07,0.14],[0.508,0.305,0.285,0.192,0.294,1.0,0.279,0.042,0.052,-0.225,0.452],[0.258,0.327,0.444,0.228,0.304,0.279,1.0,-0.086,0.424,-0.057,0.249],[-0.056,-0.267,-0.308,0.051,-0.199,0.042,-0.086,1.0,0.079,0.221,-0.197],[0.2,0.242,0.329,0.187,0.18,0.052,0.424,0.079,1.0,0.001,0.09],[0.135,0.015,-0.043,0.38,0.07,-0.225,-0.057,0.221,0.001,1.0,-0.368],[0.326,0.196,0.049,0.022,0.14,0.452,0.249,-0.197,0.09,-0.368,1.0]]},"Altitude Adaptation":{"genes":["LDHA","GRB2","HK2","SENP1","CDC42","GC","EPO","AEBP2","HMOX1"],"matrix":[[1.0,0.149,0.409,0.033,0.196,-0.003,0.358,0.105,0.262],[0.149,1.0,0.174,0.198,0.202,-0.19,0.117,0.143,0.174],[0.409,0.174,1.0,0.212,0.24,-0.125,0.325,0.334,0.347],[0.033,0.198,0.212,1.0,0.094,-0.161,-0.008,0.653,0.04],[0.196,0.202,0.24,0.094,1.0,-0.061,0.154,0.038,0.212],[-0.003,-0.19,-0.125,-0.161,-0.061,1.0,-0.119,-0.186,-0.128],[0.358,0.117,0.325,-0.008,0.154,-0.119,1.0,0.011,0.323],[0.105,0.143,0.334,0.653,0.038,-0.186,0.011,1.0,0.071],[0.262,0.174,0.347,0.04,0.212,-0.128,0.323,0.071,1.0]]}}